(10000, 1, 5020, 5031, 5042, 5053)
(10001, 1, 5039, 5028, 5017, 5006, 5001)
(10002, 1, 5023, 5024, 5025, 5031, 5042, 5053)
(10003, 1, 5050, 5039, 5028, 5022)
(10004, 1, 5008, 5014, 5020, 5031)
(10005, 1, 5040, 5029, 5024, 5019, 5014, 5009)
(10006, 1, 5028, 5039, 5050)
(10007, 1, 5012, 5013, 5014, 5015, 5021, 5032, 5043)
(10008, 1, 5009, 5014, 5019, 5024, 5023, 5028, 5039)
(10009, 1, 5050, 5039, 5028, 5023, 5024, 5019, 5014, 5015)
(10010, 1, 5008, 5019, 5024, 5023, 5022, 5027, 5038, 5049)
(10011, 1, 5043, 5032, 5021, 5015, 5014, 5008, 5002)
(10012, 1, 5040, 5029, 5018, 5007, 5001)
(10013, 1, 5052, 5041, 5030, 5024, 5023, 5022, 5016)
(10014, 1, 5019, 5030, 5041, 5052)
(10015, 1, 5028, 5017, 5006, 5000)
(10016, 1, 5031, 5020, 5014, 5008, 5002)
(10017, 1, 5049, 5038, 5027, 5022, 5023, 5024, 5019, 5014)
(10018, 1, 5023, 5024, 5025, 5026, 5032, 5043, 5054)
(10019, 1, 5025, 5026, 5032, 5043, 5054)
(10020, 1, 5043, 5032, 5021, 5015, 5014, 5008)
(10021, 1, 5050, 5039, 5028, 5023, 5024, 5019, 5008)
(10022, 1, 5032, 5043, 5054)
(10023, 1, 5051, 5040, 5029, 5018, 5007, 5001, 5000)
(10024, 1, 5050, 5039, 5028, 5023, 5024, 5019, 5014, 5015)
(10025, 1, 5027, 5016, 5005)
(10026, 1, 5054, 5043, 5032)
(10027, 1, 5039, 5028, 5017)
(10028, 1, 5040, 5029, 5024, 5019, 5008)
(10029, 1, 5049, 5038, 5027, 5022, 5023, 5024, 5019, 5014)
(10030, 1, 5011, 5012, 5013, 5014, 5015, 5021, 5032, 5043, 5054)
(10031, 1, 5027, 5016, 5005)
(10032, 1, 5038, 5027, 5016, 5005, 5000)
(10033, 1, 5030, 5019, 5008)
(10034, 1, 5031, 5042, 5053)
(10035, 1, 5054, 5043, 5032, 5021)
(10036, 1, 5026, 5032, 5043, 5054)
(10037, 1, 5031, 5020, 5014, 5008)
(10038, 1, 5012, 5013, 5019, 5030, 5041, 5052)
(10039, 1, 5019, 5024, 5023, 5028, 5039, 5050)
(10040, 1, 5032, 5043, 5054)
(10041, 1, 5014, 5019, 5030, 5041, 5052)
(10042, 1, 5011, 5012, 5013, 5014, 5015, 5021, 5032, 5043)
(10043, 1, 5013, 5014, 5020, 5031, 5042, 5053)
(10044, 1, 5049, 5038, 5027, 5022, 5023, 5024, 5019, 5014, 5009)
(10045, 1, 5032, 5043, 5054)
(10046, 1, 5023, 5024, 5025, 5031, 5042, 5053)
(10047, 1, 5012, 5013, 5014, 5015, 5021, 5032, 5043)
(10048, 1, 5014, 5020, 5031, 5042, 5053)
(10049, 1, 5039, 5028, 5023, 5024, 5019, 5014, 5015, 5010)
(10050, 1, 5041, 5030, 5019, 5008, 5002)
(10051, 1, 5016, 5027, 5038, 5049)
(10052, 1, 5031, 5042, 5053)
(10053, 1, 5006, 5017, 5023, 5029)
(10054, 1, 5027, 5016, 5005)
(10055, 1, 5049, 5038, 5027, 5016, 5005)
(10056, 1, 5010, 5021, 5032, 5043)
(10057, 1, 5032, 5021, 5015, 5014, 5008, 5002)
(10058, 1, 5012, 5013, 5019, 5030, 5041, 5052)
(10059, 1, 5052, 5041, 5030, 5019, 5008, 5002, 5001)
(10060, 1, 5051, 5040, 5029, 5024, 5019, 5014, 5015, 5010)
(10061, 1, 5009, 5015, 5021, 5032, 5043, 5054)
(10062, 1, 5009, 5014, 5019, 5024, 5023, 5022, 5027, 5038)
(10063, 1, 5027, 5016, 5005)
(10064, 1, 5040, 5029, 5023, 5017)
(10065, 1, 5027, 5038, 5049)
(10066, 1, 5050, 5039, 5028, 5023, 5024, 5019, 5014, 5015)
(10067, 1, 5042, 5031, 5020, 5014, 5008, 5002, 5001, 5000)
(10068, 1, 5042, 5031, 5025, 5024, 5023, 5022, 5016)
(10069, 1, 5038, 5027, 5022, 5023, 5024, 5019, 5014, 5009)
(10070, 1, 5028, 5017, 5006, 5000)
(10071, 1, 5049, 5038, 5027, 5022, 5023, 5024, 5019)
(10072, 1, 5017, 5023, 5029, 5040)
(10073, 1, 5000, 5001, 5002, 5008, 5014, 5020, 5031, 5042)
(10074, 1, 5030, 5019, 5008, 5002, 5001)
(10075, 1, 5031, 5020, 5014, 5008, 5002)
(10076, 1, 5028, 5017, 5006)
(10077, 1, 5042, 5031, 5020, 5014, 5008, 5002, 5001)
(10078, 1, 5008, 5014, 5015, 5021, 5032, 5043)
(10079, 1, 5029, 5040, 5051)
(10080, 1, 5050, 5039, 5028, 5017, 5006, 5000)
(10081, 1, 5053, 5042, 5031, 5025, 5024, 5023, 5022)
(10082, 1, 5022, 5023, 5024, 5025, 5031, 5042, 5053)
(10083, 1, 5053, 5042, 5031, 5020, 5014)
(10084, 1, 5002, 5008, 5014, 5015, 5021, 5032, 5043, 5054)
(10085, 1, 5025, 5031, 5042, 5053)
(10086, 1, 5039, 5028, 5017)
(10087, 1, 5014, 5015, 5021, 5032, 5043, 5054)
(10088, 1, 5021, 5032, 5043)
(10089, 1, 5039, 5028, 5017, 5006, 5001)
(10090, 1, 5025, 5026, 5032, 5043, 5054)
(10091, 1, 5043, 5032, 5021, 5015, 5014)
(10092, 1, 5010, 5015, 5014, 5019, 5024, 5023, 5022, 5027, 5038, 5049)
(10093, 1, 5015, 5014, 5019, 5024, 5023, 5028, 5039, 5050)
(10094, 1, 5041, 5030, 5019, 5008, 5002, 5001, 5000)
(10095, 1, 5049, 5038, 5027, 5022, 5023, 5024, 5019, 5014, 5015)
(10096, 1, 5040, 5029, 5024, 5019, 5014, 5015, 5010)
(10097, 1, 5032, 5043, 5054)
(10098, 1, 5051, 5040, 5029, 5024, 5019, 5008)
(10099, 1, 5017, 5028, 5039)
(10100, 1, 5017, 5023, 5029, 5040)
(10101, 1, 5052, 5041, 5030, 5019, 5008, 5002)
(10102, 1, 5024, 5025, 5031, 5042, 5053)
(10103, 1, 5030, 5019, 5008, 5002, 5001)
(10104, 1, 5050, 5039, 5028, 5023, 5024, 5019, 5014, 5015, 5010)
(10105, 1, 5054, 5043, 5032, 5021, 5015, 5014)
(10106, 1, 5011, 5012, 5013, 5019, 5030, 5041, 5052)
(10107, 1, 5027, 5016, 5005)
(10108, 1, 5050, 5039, 5028)
(10109, 1, 5040, 5029, 5018)
(10110, 1, 5012, 5013, 5019, 5030, 5041, 5052)
(10111, 1, 5051, 5040, 5029, 5023)
(10112, 1, 5000, 5001, 5002, 5008, 5014, 5020, 5031)
(10113, 1, 5017, 5028, 5039, 5050)
(10114, 1, 5049, 5038, 5027, 5022, 5023, 5018)
(10115, 1, 5050, 5039, 5028, 5017, 5006, 5001)
(10116, 1, 5025, 5031, 5042, 5053)
(10117, 1, 5015, 5020, 5031, 5042, 5053)
(10118, 1, 5014, 5015, 5021, 5032, 5043)
(10119, 1, 5011, 5012, 5013, 5019, 5030, 5041, 5052)
(10120, 1, 5054, 5043, 5032, 5026, 5025, 5024, 5023, 5017)
(10121, 1, 5029, 5018, 5007, 5001, 5000)
(10122, 1, 5009, 5014, 5019, 5030, 5041)
(10123, 1, 5051, 5040, 5029, 5018, 5007, 5001, 5000)
(10124, 1, 5010, 5015, 5020, 5031, 5042, 5053)
(10125, 1, 5010, 5015, 5020, 5031, 5042)
(10126, 1, 5009, 5015, 5021, 5032, 5043, 5054)
(10127, 1, 5010, 5015, 5014, 5019, 5024, 5023, 5022, 5027, 5038, 5049)
(10128, 1, 5012, 5013, 5014, 5020, 5031, 5042, 5053)
(10129, 1, 5027, 5016, 5005)
(10130, 1, 5038, 5027, 5016)
(10131, 1, 5041, 5030, 5019, 5013)
(10132, 1, 5030, 5041, 5052)
(10133, 1, 5012, 5013, 5014, 5015, 5021, 5032, 5043)
(10134, 1, 5006, 5017, 5022, 5027, 5038, 5049)
(10135, 1, 5032, 5043, 5054)
(10136, 1, 5010, 5015, 5014, 5019, 5030, 5041)
(10137, 1, 5015, 5014, 5019, 5030, 5041, 5052)
(10138, 1, 5031, 5020, 5014, 5008, 5002, 5001, 5000)
(10139, 1, 5051, 5040, 5029)
(10140, 1, 5050, 5039, 5028, 5023, 5024, 5019, 5014, 5015, 5010)
(10141, 1, 5043, 5032, 5021, 5015, 5009)
(10142, 1, 5016, 5022, 5028, 5039)
(10143, 1, 5007, 5018, 5023, 5028, 5039, 5050)
(10144, 1, 5030, 5019, 5008)
(10145, 1, 5016, 5027, 5038, 5049)
(10146, 1, 5054, 5043, 5032, 5026, 5025, 5024, 5023, 5022)
(10147, 1, 5027, 5038, 5049)
(10148, 1, 5026, 5032, 5043, 5054)
(10149, 1, 5029, 5018, 5007, 5001)
(10150, 1, 5041, 5030, 5019, 5014, 5015, 5010)
(10151, 1, 5049, 5038, 5027, 5016)
(10152, 1, 5002, 5008, 5019, 5030, 5041, 5052)
(10153, 1, 5042, 5031, 5025, 5024, 5023, 5017)
(10154, 1, 5053, 5042, 5031)
(10155, 1, 5052, 5041, 5030, 5019, 5008)
(10156, 1, 5032, 5043, 5054)
(10157, 1, 5027, 5016, 5005)
(10158, 1, 5031, 5042, 5053)
(10159, 1, 5014, 5019, 5024, 5029, 5040, 5051)
(10160, 1, 5051, 5040, 5029, 5024, 5019, 5008)
(10161, 1, 5019, 5024, 5023, 5022, 5027, 5038, 5049)
(10162, 1, 5009, 5014, 5019, 5030, 5041)
(10163, 1, 5026, 5032, 5043, 5054)
(10164, 1, 5031, 5042, 5053)
(10165, 1, 5010, 5021, 5032, 5043)
(10166, 1, 5049, 5038, 5027, 5022, 5023, 5024, 5019, 5014, 5015, 5010)
(10167, 1, 5027, 5016, 5005)
(10168, 1, 5027, 5016, 5005)
(10169, 1, 5008, 5014, 5015, 5021, 5032, 5043)
(10170, 1, 5024, 5025, 5031, 5042, 5053)
(10171, 1, 5023, 5024, 5025, 5026, 5032, 5043, 5054)
(10172, 1, 5018, 5029, 5040)
(10173, 1, 5012, 5013, 5014, 5015, 5021, 5032, 5043, 5054)
(10174, 1, 5010, 5015, 5014, 5019, 5024, 5023, 5022, 5027, 5038, 5049)
(10175, 1, 5023, 5024, 5030, 5041, 5052)
(10176, 1, 5015, 5014, 5019, 5024, 5029, 5040, 5051)
(10177, 1, 5052, 5041, 5030, 5019, 5008, 5002)
(10178, 1, 5038, 5027, 5022, 5023, 5024, 5019, 5014, 5015, 5010)
(10179, 1, 5030, 5019, 5008, 5002)
(10180, 1, 5024, 5025, 5026, 5032, 5043, 5054)
(10181, 1, 5043, 5032, 5021)
(10182, 1, 5002, 5008, 5014, 5020, 5031, 5042, 5053)
(10183, 1, 5010, 5015, 5014, 5019, 5024, 5023, 5022, 5027, 5038, 5049)
(10184, 1, 5011, 5012, 5013, 5014, 5020, 5031, 5042)
(10185, 1, 5014, 5020, 5031, 5042, 5053)
(10186, 1, 5053, 5042, 5031, 5020, 5015)
(10187, 1, 5042, 5031, 5020, 5014, 5008)
(10188, 1, 5022, 5028, 5039, 5050)
(10189, 1, 5028, 5017, 5006)
(10190, 1, 5043, 5032, 5021, 5015, 5014, 5008)
(10191, 1, 5021, 5032, 5043)
(10192, 1, 5015, 5021, 5032, 5043)
(10193, 1, 5008, 5019, 5024, 5029, 5040)
(10194, 1, 5009, 5014, 5019, 5024, 5023, 5022, 5027, 5038, 5049)
(10195, 1, 5042, 5031, 5025, 5024, 5023, 5022, 5016)
(10196, 1, 5038, 5027, 5016, 5005, 5000)
(10197, 1, 5039, 5028, 5017, 5006, 5000)
(10198, 1, 5014, 5015, 5021, 5032, 5043, 5054)
(10199, 1, 5027, 5016, 5005)
(10200, 1, 5016, 5022, 5023, 5029, 5040)
(10201, 1, 5052, 5041, 5030, 5019, 5014)
(10202, 1, 5030, 5019, 5008)
(10203, 1, 5025, 5031, 5042, 5053)
(10204, 1, 5041, 5030, 5019, 5008)
(10205, 1, 5027, 5016, 5005)
(10206, 1, 5054, 5043, 5032, 5026, 5025, 5024, 5023, 5022)
(10207, 1, 5010, 5015, 5020, 5031, 5042)
(10208, 1, 5014, 5020, 5031, 5042)
(10209, 1, 5027, 5016, 5005)
(10210, 1, 5027, 5016, 5005)
(10211, 1, 5028, 5017, 5006)
(10212, 1, 5002, 5008, 5014, 5015, 5021, 5032, 5043)
(10213, 1, 5050, 5039, 5028, 5023, 5018)
(10214, 1, 5026, 5032, 5043, 5054)
(10215, 1, 5001, 5002, 5008, 5014, 5015, 5021, 5032, 5043, 5054)
(10216, 1, 5031, 5042, 5053)
(10217, 1, 5032, 5043, 5054)
(10218, 1, 5017, 5022, 5027, 5038, 5049)
(10219, 1, 5030, 5019, 5008, 5002, 5001)
(10220, 1, 5006, 5017, 5023, 5029, 5040, 5051)
(10221, 1, 5028, 5017, 5006, 5000)
(10222, 1, 5043, 5032, 5021, 5015, 5014, 5008, 5002, 5001)
(10223, 1, 5041, 5030, 5019, 5014, 5009)
(10224, 1, 5010, 5015, 5014, 5019, 5024, 5029, 5040)
(10225, 1, 5038, 5027, 5016, 5005, 5000)
(10226, 1, 5023, 5024, 5025, 5026, 5032, 5043, 5054)
(10227, 1, 5027, 5016, 5005)
(10228, 1, 5008, 5014, 5020, 5031)
(10229, 1, 5053, 5042, 5031, 5025)
(10230, 1, 5043, 5032, 5026, 5025, 5024, 5023, 5022, 5016)
(10231, 1, 5042, 5031, 5020, 5015, 5010)
(10232, 1, 5032, 5043, 5054)
(10233, 1, 5018, 5023, 5022, 5027, 5038, 5049)
(10234, 1, 5017, 5023, 5029, 5040, 5051)
(10235, 1, 5008, 5019, 5024, 5023, 5022, 5027, 5038, 5049)
(10236, 1, 5021, 5032, 5043)
(10237, 1, 5028, 5017, 5006, 5000)
(10238, 1, 5001, 5002, 5008, 5014, 5015, 5021, 5032, 5043)
(10239, 1, 5041, 5030, 5019)
(10240, 1, 5017, 5028, 5039, 5050)
(10241, 1, 5031, 5020, 5009)
(10242, 1, 5043, 5032, 5021, 5015, 5014, 5013)
(10243, 1, 5030, 5019, 5008)
(10244, 1, 5021, 5032, 5043, 5054)
(10245, 1, 5031, 5020, 5014, 5008, 5002, 5001, 5000)
(10246, 1, 5024, 5025, 5031, 5042, 5053)
(10247, 1, 5032, 5021, 5015, 5009)
(10248, 1, 5025, 5026, 5032, 5043, 5054)
(10249, 1, 5015, 5014, 5019, 5024, 5023, 5028, 5039, 5050)
(10250, 1, 5043, 5032, 5026, 5025, 5024, 5023, 5017)
(10251, 1, 5028, 5017, 5006, 5000)
(10252, 1, 5054, 5043, 5032, 5026, 5025)
(10253, 1, 5041, 5030, 5019, 5008, 5002)
(10254, 1, 5024, 5030, 5041, 5052)
(10255, 1, 5041, 5030, 5019, 5008, 5002, 5001)
(10256, 1, 5000, 5001, 5002, 5008, 5019, 5030, 5041)
(10257, 1, 5029, 5018, 5007, 5001, 5000)
(10258, 1, 5032, 5021, 5015, 5009)
(10259, 1, 5011, 5012, 5013, 5019, 5030, 5041, 5052)
(10260, 1, 5013, 5019, 5030, 5041, 5052)
(10261, 1, 5008, 5019, 5024, 5023, 5022, 5027, 5038, 5049)
(10262, 1, 5010, 5021, 5032)
(10263, 1, 5015, 5014, 5019, 5024, 5023, 5028, 5039, 5050)
(10264, 1, 5051, 5040, 5029, 5018, 5007, 5001, 5000)
(10265, 1, 5053, 5042, 5031, 5020, 5014, 5008, 5002, 5001)
(10266, 1, 5019, 5024, 5029, 5040, 5051)
(10267, 1, 5041, 5030, 5024, 5023, 5022, 5016)
(10268, 1, 5027, 5016, 5005)
(10269, 1, 5049, 5038, 5027, 5022, 5023, 5024, 5019, 5014, 5009)
(10270, 1, 5052, 5041, 5030)
(10271, 1, 5032, 5021, 5015, 5014, 5008)
(10272, 1, 5038, 5027, 5022, 5023, 5024, 5019, 5014, 5009)
(10273, 1, 5013, 5019, 5030, 5041, 5052)
(10274, 1, 5022, 5023, 5024, 5025, 5026, 5032, 5043, 5054)
(10275, 1, 5015, 5014, 5019, 5030, 5041, 5052)
(10276, 1, 5002, 5008, 5014, 5015, 5021, 5032)
(10277, 1, 5019, 5024, 5023, 5022, 5027, 5038, 5049)
(10278, 1, 5031, 5020, 5014, 5008, 5002)
(10279, 1, 5030, 5019, 5008, 5002, 5001)
(10280, 1, 5041, 5030, 5019, 5008, 5002, 5001)
(10281, 1, 5029, 5040, 5051)
(10282, 1, 5049, 5038, 5027, 5016, 5005, 5000, 5001)
(10283, 1, 5032, 5043, 5054)
(10284, 1, 5052, 5041, 5030)
(10285, 1, 5005, 5016, 5022, 5023, 5029, 5040, 5051)
(10286, 1, 5054, 5043, 5032, 5021, 5015, 5009)
(10287, 1, 5011, 5012, 5013, 5014, 5020, 5031, 5042)
(10288, 1, 5032, 5043, 5054)
(10289, 1, 5042, 5031, 5020, 5014, 5013)
(10290, 1, 5032, 5043, 5054)
(10291, 1, 5053, 5042, 5031, 5025, 5024)
(10292, 1, 5001, 5002, 5008, 5019, 5030)
(10293, 1, 5024, 5025, 5031, 5042, 5053)
(10294, 1, 5013, 5019, 5030, 5041, 5052)
(10295, 1, 5052, 5041, 5030, 5019)
(10296, 1, 5016, 5022, 5028, 5039, 5050)
(10297, 1, 5024, 5030, 5041, 5052)
(10298, 1, 5002, 5008, 5014, 5015, 5021, 5032, 5043)
(10299, 1, 5002, 5008, 5014, 5020, 5031, 5042, 5053)
(10300, 1, 5026, 5032, 5043, 5054)
(10301, 1, 5017, 5023, 5029, 5040, 5051)
(10302, 1, 5024, 5025, 5031, 5042, 5053)
(10303, 1, 5030, 5019, 5008, 5002, 5001, 5000)
(10304, 1, 5052, 5041, 5030, 5019, 5014)
(10305, 1, 5022, 5023, 5024, 5030, 5041, 5052)
(10306, 1, 5029, 5018, 5007, 5001, 5000)
(10307, 1, 5050, 5039, 5028)
(10308, 1, 5032, 5043, 5054)
(10309, 1, 5029, 5018, 5007, 5001)
(10310, 1, 5027, 5016, 5005)
(10311, 1, 5028, 5017, 5006)
(10312, 1, 5010, 5015, 5014, 5019, 5030, 5041, 5052)
(10313, 1, 5029, 5018, 5007)
(10314, 1, 5000, 5001, 5002, 5008, 5014, 5015, 5021, 5032, 5043)
(10315, 1, 5043, 5032, 5021, 5015, 5009)
(10316, 1, 5030, 5019, 5008, 5002, 5001, 5000)
(10317, 1, 5010, 5021, 5032)
(10318, 1, 5015, 5014, 5019, 5024, 5023, 5022, 5027, 5038, 5049)
(10319, 1, 5040, 5029, 5024, 5019, 5008)
(10320, 1, 5040, 5029, 5018, 5007, 5001, 5000)
(10321, 1, 5020, 5031, 5042)
(10322, 1, 5051, 5040, 5029, 5023, 5022)
(10323, 1, 5018, 5029, 5040, 5051)
(10324, 1, 5049, 5038, 5027, 5022, 5023, 5024, 5019)
(10325, 1, 5014, 5020, 5031, 5042, 5053)
(10326, 1, 5016, 5027, 5038, 5049)
(10327, 1, 5020, 5031, 5042, 5053)
(10328, 1, 5029, 5018, 5007)
(10329, 1, 5019, 5030, 5041)
(10330, 1, 5011, 5012, 5013, 5014, 5020, 5031, 5042)
(10331, 1, 5054, 5043, 5032, 5021)
(10332, 1, 5051, 5040, 5029, 5023, 5017)
(10333, 1, 5015, 5021, 5032, 5043)
(10334, 1, 5014, 5015, 5021, 5032, 5043, 5054)
(10335, 1, 5001, 5002, 5008, 5019, 5030)
(10336, 1, 5027, 5016, 5005)
(10337, 1, 5002, 5008, 5014, 5020, 5031, 5042, 5053)
(10338, 1, 5010, 5021, 5032)
(10339, 1, 5038, 5027, 5016, 5005, 5000)
(10340, 1, 5019, 5024, 5023, 5028, 5039, 5050)
(10341, 1, 5027, 5038, 5049)
(10342, 1, 5030, 5019, 5008, 5002, 5001)
(10343, 1, 5043, 5032, 5021, 5015)
(10344, 1, 5051, 5040, 5029, 5018, 5007)
(10345, 1, 5043, 5032, 5021, 5015)
(10346, 1, 5032, 5043, 5054)
(10347, 1, 5038, 5027, 5022, 5023, 5024, 5019, 5008)
(10348, 1, 5053, 5042, 5031, 5020, 5014, 5013)
(10349, 1, 5031, 5020, 5014, 5008)
(10350, 1, 5027, 5016, 5005)
(10351, 1, 5042, 5031, 5025, 5024, 5023, 5022, 5016)
(10352, 1, 5027, 5016, 5005)
(10353, 1, 5042, 5031, 5025, 5024, 5023, 5017)
(10354, 1, 5022, 5023, 5029, 5040, 5051)
(10355, 1, 5015, 5020, 5031, 5042, 5053)
(10356, 1, 5008, 5019, 5024, 5029, 5040, 5051)
(10357, 1, 5032, 5043, 5054)
(10358, 1, 5013, 5014, 5020, 5031, 5042)
(10359, 1, 5032, 5043, 5054)
(10360, 1, 5050, 5039, 5028, 5017)
(10361, 1, 5050, 5039, 5028, 5023, 5024, 5019, 5014, 5015)
(10362, 1, 5042, 5031, 5020)
(10363, 1, 5051, 5040, 5029, 5018, 5007)
(10364, 1, 5032, 5021, 5015, 5009)
(10365, 1, 5053, 5042, 5031, 5020, 5014, 5008, 5002, 5001, 5000)
(10366, 1, 5006, 5017, 5028, 5039, 5050)
(10367, 1, 5016, 5022, 5028, 5039)
(10368, 1, 5050, 5039, 5028, 5023, 5024, 5019, 5014, 5015)
(10369, 1, 5028, 5017, 5006, 5000)
(10370, 1, 5027, 5016, 5005)
(10371, 1, 5054, 5043, 5032, 5021, 5015, 5014, 5008, 5002)
(10372, 1, 5027, 5016, 5005)
(10373, 1, 5000, 5001, 5002, 5008, 5014, 5020, 5031, 5042, 5053)
(10374, 1, 5015, 5021, 5032, 5043, 5054)
(10375, 1, 5050, 5039, 5028, 5017, 5006, 5001)
(10376, 1, 5009, 5014, 5019, 5024, 5023, 5022, 5027, 5038)
(10377, 1, 5054, 5043, 5032, 5021, 5015, 5014, 5008)
(10378, 1, 5015, 5014, 5019, 5024, 5029, 5040, 5051)
(10379, 1, 5024, 5030, 5041, 5052)
(10380, 1, 5015, 5014, 5019, 5024, 5023, 5022, 5027, 5038, 5049)
(10381, 1, 5017, 5022, 5027, 5038, 5049)
(10382, 1, 5038, 5027, 5022, 5023, 5024, 5019, 5008)
(10383, 1, 5018, 5029, 5040)
(10384, 1, 5040, 5029, 5018, 5007)
(10385, 1, 5007, 5018, 5029, 5040)
(10386, 1, 5019, 5024, 5023, 5022, 5027, 5038, 5049)
(10387, 1, 5016, 5022, 5028, 5039)
(10388, 1, 5014, 5019, 5030, 5041, 5052)
(10389, 1, 5030, 5019, 5008, 5002)
(10390, 1, 5031, 5020, 5014, 5008, 5002, 5001)
(10391, 1, 5041, 5030, 5019, 5008, 5002, 5001, 5000)
(10392, 1, 5043, 5032, 5021, 5015, 5014)
(10393, 1, 5007, 5018, 5029)
(10394, 1, 5043, 5032, 5021)
(10395, 1, 5025, 5031, 5042, 5053)
(10396, 1, 5032, 5043, 5054)
(10397, 1, 5039, 5028, 5023, 5024, 5019, 5014, 5009)
(10398, 1, 5027, 5038, 5049)
(10399, 1, 5027, 5016, 5005)
(10400, 1, 5051, 5040, 5029, 5023, 5017)
(10401, 1, 5027, 5016, 5005)
(10402, 1, 5050, 5039, 5028, 5022, 5016)
(10403, 1, 5026, 5032, 5043, 5054)
(10404, 1, 5023, 5024, 5030, 5041, 5052)
(10405, 1, 5001, 5002, 5008, 5019, 5030, 5041, 5052)
(10406, 1, 5039, 5028, 5017, 5006, 5001)
(10407, 1, 5007, 5018, 5023, 5022, 5027, 5038, 5049)
(10408, 1, 5029, 5018, 5007, 5001, 5000)
(10409, 1, 5025, 5026, 5032, 5043, 5054)
(10410, 1, 5040, 5029, 5024, 5019, 5014, 5009)
(10411, 1, 5043, 5032, 5021, 5015, 5014, 5008)
(10412, 1, 5028, 5039, 5050)
(10413, 1, 5019, 5024, 5023, 5028, 5039, 5050)
(10414, 1, 5051, 5040, 5029, 5023, 5022)
(10415, 1, 5027, 5016, 5005)
(10416, 1, 5013, 5019, 5030, 5041)
(10417, 1, 5032, 5043, 5054)
(10418, 1, 5031, 5042, 5053)
(10419, 1, 5025, 5026, 5032, 5043, 5054)
(10420, 1, 5032, 5043, 5054)
(10421, 1, 5013, 5014, 5015, 5021, 5032, 5043)
(10422, 1, 5032, 5021, 5015, 5014, 5008, 5002)
(10423, 1, 5031, 5042, 5053)
(10424, 1, 5039, 5028, 5017)
(10425, 1, 5022, 5023, 5024, 5025, 5031, 5042, 5053)
(10426, 1, 5050, 5039, 5028, 5023, 5024, 5019, 5014, 5009)
(10427, 1, 5050, 5039, 5028, 5023, 5024, 5019, 5014, 5015)
(10428, 1, 5017, 5023, 5029, 5040, 5051)
(10429, 1, 5023, 5024, 5030, 5041, 5052)
(10430, 1, 5010, 5021, 5032, 5043, 5054)
(10431, 1, 5049, 5038, 5027, 5022, 5023, 5024, 5019)
(10432, 1, 5039, 5028, 5017)
(10433, 1, 5032, 5043, 5054)
(10434, 1, 5001, 5002, 5008, 5014, 5015, 5021, 5032, 5043, 5054)
(10435, 1, 5029, 5018, 5007)
(10436, 1, 5016, 5022, 5028, 5039)
(10437, 1, 5051, 5040, 5029, 5018)
(10438, 1, 5008, 5014, 5020, 5031, 5042, 5053)
(10439, 1, 5031, 5020, 5014, 5008)
(10440, 1, 5030, 5019, 5008, 5002, 5001)
(10441, 1, 5009, 5014, 5019, 5024, 5023, 5022, 5027, 5038)
(10442, 1, 5030, 5019, 5008)
(10443, 1, 5042, 5031, 5025, 5024, 5023, 5022, 5016)
(10444, 1, 5051, 5040, 5029, 5024, 5019, 5014, 5009)
(10445, 1, 5032, 5043, 5054)
(10446, 1, 5050, 5039, 5028, 5022)
(10447, 1, 5039, 5028, 5017, 5006)
(10448, 1, 5020, 5031, 5042)
(10449, 1, 5038, 5027, 5016, 5005)
(10450, 1, 5039, 5028, 5023, 5024, 5019, 5008)
(10451, 1, 5051, 5040, 5029, 5024, 5019, 5008)
(10452, 1, 5023, 5024, 5025, 5031, 5042, 5053)
(10453, 1, 5051, 5040, 5029, 5018, 5007, 5001)
(10454, 1, 5012, 5013, 5014, 5015, 5021, 5032, 5043)
(10455, 1, 5014, 5019, 5024, 5023, 5022, 5027, 5038, 5049)
(10456, 1, 5015, 5021, 5032, 5043)
(10457, 1, 5017, 5023, 5029, 5040)
(10458, 1, 5053, 5042, 5031, 5025)
(10459, 1, 5022, 5023, 5024, 5030, 5041, 5052)
(10460, 1, 5020, 5031, 5042, 5053)
(10461, 1, 5053, 5042, 5031, 5025, 5024, 5023, 5022, 5016)
(10462, 1, 5007, 5018, 5029)
(10463, 1, 5024, 5030, 5041, 5052)
(10464, 1, 5022, 5023, 5024, 5030, 5041, 5052)
(10465, 1, 5031, 5020, 5014, 5008, 5002)
(10466, 1, 5016, 5022, 5028, 5039)
(10467, 1, 5016, 5022, 5028, 5039)
(10468, 1, 5053, 5042, 5031, 5025, 5024, 5023, 5017)
(10469, 1, 5043, 5032, 5021, 5015, 5014, 5008, 5002, 5001)
(10470, 1, 5026, 5032, 5043, 5054)
(10471, 1, 5038, 5027, 5016, 5005)
(10472, 1, 5041, 5030, 5019, 5008)
(10473, 1, 5040, 5029, 5023, 5017)
(10474, 1, 5030, 5041, 5052)
(10475, 1, 5027, 5016, 5005)
(10476, 1, 5011, 5012, 5013, 5014, 5015, 5021, 5032, 5043, 5054)
(10477, 1, 5022, 5023, 5029, 5040, 5051)
(10478, 1, 5052, 5041, 5030, 5019, 5008, 5002, 5001)
(10479, 1, 5015, 5021, 5032, 5043, 5054)
(10480, 1, 5032, 5021, 5010)
(10481, 1, 5054, 5043, 5032, 5026, 5025, 5024, 5023, 5022)
(10482, 1, 5009, 5015, 5021, 5032, 5043, 5054)
(10483, 1, 5002, 5008, 5019, 5030)
(10484, 1, 5015, 5014, 5019, 5024, 5023, 5022, 5027, 5038, 5049)
(10485, 1, 5013, 5014, 5020, 5031, 5042, 5053)
(10486, 1, 5051, 5040, 5029, 5024, 5019, 5014, 5015)
(10487, 1, 5025, 5031, 5042, 5053)
(10488, 1, 5023, 5024, 5030, 5041, 5052)
(10489, 1, 5008, 5014, 5015, 5021, 5032)
(10490, 1, 5040, 5029, 5018, 5007, 5001)
(10491, 1, 5054, 5043, 5032, 5021, 5015, 5014, 5008, 5002, 5001)
(10492, 1, 5007, 5018, 5023, 5028, 5039, 5050)
(10493, 1, 5027, 5016, 5005)
(10494, 1, 5015, 5020, 5031, 5042, 5053)
(10495, 1, 5053, 5042, 5031, 5025, 5024)
(10496, 1, 5051, 5040, 5029, 5024, 5019, 5014, 5015)
(10497, 1, 5040, 5029, 5024, 5019, 5008)
(10498, 1, 5031, 5020, 5014, 5008, 5002, 5001, 5000)
(10499, 1, 5014, 5019, 5030, 5041, 5052)
(10500, 1, 5038, 5027, 5022, 5023, 5024, 5019, 5008)
(10501, 1, 5026, 5032, 5043, 5054)
(10502, 1, 5028, 5017, 5006)
(10503, 1, 5026, 5032, 5043, 5054)
(10504, 1, 5000, 5001, 5002, 5008, 5019, 5030, 5041)
(10505, 1, 5050, 5039, 5028, 5022)
(10506, 1, 5014, 5019, 5030, 5041, 5052)
(10507, 1, 5040, 5029, 5024, 5019, 5014, 5015, 5010)
(10508, 1, 5030, 5019, 5008, 5002, 5001, 5000)
(10509, 1, 5006, 5017, 5028)
(10510, 1, 5041, 5030, 5024, 5023, 5022, 5016)
(10511, 1, 5022, 5023, 5024, 5025, 5031, 5042, 5053)